$ 3 0.1 242.03481360272136 82 5 43 5e-11
w 856 48 856 -168 0
w 728 48 856 48 0
w 728 -48 728 48 0
w 448 -48 728 -48 0
w -152 -48 448 -48 0
w 808 -160 -120 -160 0
g 808 -56 808 -24 0 0
R 808 -256 808 -280 0 0 40 10 0 0 0.5
374 808 -256 808 -160 0 0.49510000000000004 Light\sBrightness
w 328 296 400 296 0
w 328 392 328 296 0
w 168 392 328 392 0
w 280 200 280 264 0
w 304 248 400 248 0
w 304 328 304 248 0
w 168 328 304 328 0
w 280 200 400 200 0
w 168 264 280 264 0
w 264 152 400 152 0
w 264 200 264 152 0
w 168 200 264 200 0
w 248 104 400 104 0
w 248 136 248 104 0
w 56 136 248 136 0
w 232 56 400 56 0
w 232 72 232 56 0
w 168 72 232 72 0
w 168 8 400 8 0
w 0 392 168 392 0
w 0 296 0 392 0
w -48 296 0 296 0
w 16 328 168 328 0
w 16 248 16 328 0
w -48 248 16 248 0
w 32 264 168 264 0
w 32 200 32 264 0
w -48 200 32 200 0
w 56 200 168 200 0
w 56 152 56 200 0
w -48 152 56 152 0
w 56 104 56 136 0
w -48 104 56 104 0
w 56 72 168 72 0
w 56 56 56 72 0
w -48 56 56 56 0
w -48 8 168 8 0
155 1984 464 1992 464 1 0
155 1984 368 2008 368 1 5
155 1984 256 1992 256 1 0
157 2688 184 2824 184 0 7 0 0
197 2456 184 2520 184 0
w 472 152 576 152 0
w 480 56 440 56 0
w 480 232 480 56 0
w 472 152 424 152 0
w 472 240 472 152 0
w 504 232 480 232 0
w 504 240 472 240 0
w 408 248 504 248 0
154 504 240 576 240 1 3 5 5
w 448 288 512 288 0
w 448 8 448 288 0
w 400 8 448 8 0
w 440 296 512 296 0
w 440 56 440 296 0
w 400 56 440 56 0
w 432 304 512 304 0
w 432 104 432 304 0
w 400 104 432 104 0
w 424 312 512 312 0
w 424 152 424 312 0
w 400 152 424 152 0
w 416 320 512 320 0
w 416 200 416 320 0
w 400 200 416 200 0
w 408 328 512 328 0
w 408 248 408 328 0
w 400 248 408 248 0
w 400 336 512 336 0
w 400 296 400 336 0
154 512 312 576 312 1 7 0 5
g -152 336 -152 344 0 0
w -120 16 -120 -32 0
w -120 256 -120 304 0
w -120 208 -120 256 0
w -120 160 -120 208 0
w -120 112 -120 160 0
w -120 64 -120 112 0
w -120 16 -120 64 0
w -152 288 -120 288 0
w -152 240 -120 240 0
w -152 192 -120 192 0
w -152 144 -120 144 0
w -152 96 -120 96 0
w -152 48 -120 48 0
w -152 0 -120 0 0
R -152 -48 -192 -48 0 0 40 5 0 0 0.5
r -152 288 -152 336 0 1000
r -152 240 -152 288 0 1000
r -152 192 -152 240 0 1000
r -152 144 -152 192 0 1000
r -152 96 -152 144 0 1000
r -152 48 -152 96 0 1000
r -152 0 -152 48 0 1000
r -152 -48 -152 0 0 1000
a -120 296 -48 296 10 5 0 1000000 0.6249999999999997 1.6529033539397349 100000
a -120 248 -48 248 10 5 0 1000000 1.2499999999999993 1.6529033539397349 100000
a -120 200 -48 200 10 5 0 1000000 1.8749999999999991 1.6529033539397349 100000
a -120 152 -48 152 10 5 0 1000000 2.499999999999999 1.6529033539397349 100000
a -120 104 -48 104 10 5 0 1000000 3.1249999999999996 1.6529033539397349 100000
a -120 56 -48 56 10 5 0 1000000 3.75 1.6529033539397349 100000
a -120 8 -48 8 10 5 0 1000000 4.375 1.6529033539397349 100000
w 576 152 576 136 0
w 576 136 680 136 0
r 808 -64 808 -160 0 10000
w 808 -56 808 -64 0
w 576 312 576 432 0
w 576 464 576 432 0
w 576 240 752 240 0
w 752 240 752 344 0
w 2296 336 2296 248 0
w 2456 248 2296 248 0
w 2456 280 2360 280 0
w 2584 216 2688 216 0
w 2584 248 2688 248 0
w 2584 280 2688 280 0
w 2584 312 2752 312 0
w 2584 344 2784 344 0
w 2784 312 2784 344 0
g 2456 184 2296 184 0 0
165 976 -1072 1008 -1072 6 4.999999950000001
164 1272 -1008 1392 -1008 0 4 5 5 5 5 false 0
w 1128 -1008 1272 -1008 0
w 1040 -1104 1040 -1168 0
w 1040 -1168 856 -1168 0
w 976 -1040 856 -1040 0
w 856 -976 976 -976 0
w 976 -944 856 -944 0
w 856 -976 856 -944 0
w 1072 -912 1072 -792 0
r 856 -1040 856 -976 0 130000
r 856 -1168 856 -1040 0 10000
150 1768 -952 1904 -952 0 4 5 5
w 1480 -1008 1368 -1008 0
w 1768 -984 1480 -984 0
w 1480 -1008 1480 -984 0
w 1768 -968 1440 -968 0
w 1440 -968 1432 -976 0
w 1368 -976 1432 -976 0
w 1768 -936 1440 -936 0
w 1368 -944 1424 -944 0
w 1424 -944 1440 -936 0
w 1768 -920 1400 -920 0
w 1368 -912 1400 -920 0
155 920 -440 1096 -440 0 0
155 1136 -432 1264 -432 0 5
155 1352 -432 1496 -432 0 0
w 920 -440 904 -440 0
w 904 -440 912 136 0
w 680 136 912 136 0
w 1136 -432 1096 -432 0
w 1096 -432 1104 352 0
w 752 344 1104 352 0
w 1352 -432 1296 -432 0
w 1296 -432 1304 -56 0
w 1304 -56 1024 -56 0
w 1024 -56 1032 464 0
w 576 464 1032 464 0
154 1048 -544 1048 -640 1 2 0 5
154 1264 -544 1264 -648 1 2 0 5
154 1504 -528 1504 -616 1 2 0 5
w 1016 -440 1040 -440 0
w 1040 -544 1040 -440 0
w 1232 -432 1248 -432 0
w 1256 -544 1256 -432 0
w 1256 -432 1248 -432 0
w 1496 -528 1496 -432 0
w 1496 -432 1448 -432 0
w 1056 -544 1064 -136 0
w 1064 -136 992 -136 0
w 992 -136 992 136 0
w 912 136 992 136 0
w 992 136 1256 136 0
w 1272 -544 1280 16 0
w 1280 16 1168 16 0
w 1168 16 1176 352 0
w 1104 352 1176 352 0
w 1176 352 1296 352 0
w 1512 -528 1520 0 0
w 1232 464 1224 48 0
w 1224 48 1520 48 0
w 1520 48 1520 0 0
w 1032 464 1232 464 0
w 1232 464 1296 464 0
w 1272 -912 1152 -912 0
w 856 -408 920 -408 0
w 1136 -400 1112 -400 0
w 1112 -400 1112 -496 0
w 856 -408 856 -496 0
w 1352 -400 1328 -400 0
w 1328 -400 1328 -496 0
152 1264 -648 1264 -800 0 3 0 5
w 1248 -648 1048 -656 0
w 1048 -656 1048 -640 0
w 1504 -616 1504 -640 0
w 1504 -640 1280 -648 0
w 1264 -800 1152 -800 0
w 1152 -912 1152 -800 0
w 1984 256 1912 256 0
w 1912 256 1256 248 0
w 1256 136 1256 248 0
w 1792 360 1296 352 0
w 1984 368 1792 360 0
w 1296 464 1984 464 0
w 1984 272 1912 272 0
w 1912 208 1912 272 0
w 1984 384 1912 384 0
w 1912 272 1912 384 0
w 1984 480 1912 480 0
w 1912 384 1912 480 0
w 2360 280 2360 448 0
w 2032 464 2360 464 0
w 2360 464 2360 448 0
w 2032 368 2296 368 0
w 2296 368 2296 336 0
w 2032 256 2256 256 0
w 2256 256 2256 216 0
w 2256 216 2456 216 0
R 1040 -1168 1040 -1264 0 0 40 5 0 0 0.5
w 1040 -1168 1152 -1168 0
w 1152 -1168 1152 -1040 0
w 1152 -1040 1104 -1040 0
w 2584 376 2816 376 0
w 2816 312 2816 376 0
w 2584 184 2688 184 0
c 856 -944 856 -816 4 0.00001 2.7044967160075934 0.001 0
w 1072 -792 856 -792 0
w 856 -792 856 -816 0
g 856 -792 856 -768 0 0
c 1040 -912 1040 -840 4 0.00001 3.333333333333333 0.001 0
g 1040 -840 1040 -760 0 0
419 1560 -1144 1720 -1144 0 4
w 1480 -1008 1560 -1144 0
w 1440 -968 1560 -1112 0
w 1440 -936 1560 -1080 0
w 1400 -920 1560 -1048 0
c -432 -960 -176 -960 4 0.000001 0.000016529033538992266 0.001 0
w -176 -880 -176 -960 0
w -176 -880 -64 -880 0
w -176 -880 -176 -832 0
w -320 -832 -176 -832 0
w -320 -864 -320 -832 0
g -368 -768 -368 -736 0 0
c -368 -896 -368 -768 4 0.000001 1.6529198829732743 0.001 0
w -368 -896 -320 -896 0
a -320 -880 -176 -880 9 15 -15 1000000 1.6529033539397349 1.6529198829732743 100000
w -432 -896 -432 -960 0
r -432 -896 -368 -896 0 17000
r -528 -896 -432 -896 0 17000
w -608 -896 -528 -896 0
w -608 -896 -608 -176 0
w -120 -160 -608 -160 0
w -608 -160 -608 -176 0
w -120 -32 -120 -384 0
w -120 -384 -64 -384 0
w -64 -880 -64 -384 0
w 680 136 688 608 0
w 688 608 -568 624 0
w -1312 824 -1128 832 0
w 752 344 760 704 0
w 760 704 -776 720 0
w -776 832 -752 832 0
w -336 824 -360 824 0
w -360 824 -360 784 0
w 568 776 576 464 0
g -1000 1856 -1000 1936 0 0
g -1184 1904 -1184 1928 0 0
w -1184 1904 -1184 1880 0
w -968 1904 -1184 1904 0
c -1184 1752 -1184 1880 4 0.001 2.3742323104703362 0.001 0
w -888 1656 -936 1656 0
R -1000 1528 -1000 1432 0 0 40 5 0 0 0.5
r -1184 1528 -1184 1656 0 1000
r -1184 1656 -1184 1720 0 35575
w -968 1784 -968 1904 0
w -1184 1720 -1184 1752 0
w -1064 1752 -1184 1752 0
w -1184 1720 -1064 1720 0
w -1064 1656 -1184 1656 0
w -1000 1528 -1184 1528 0
w -1000 1592 -1000 1528 0
w -936 1688 -768 1688 0
165 -1064 1624 -1032 1624 6 0
164 -640 2112 -520 2112 0 4 0 0 0 5 false 0
w -640 2112 -760 2112 0
w -760 2112 -768 1688 0
419 -360 2112 -296 2112 0 4
w -544 2112 -360 2112 0
w -544 2144 -360 2144 0
w -544 2176 -360 2176 0
w -544 2208 -360 2208 0
w -544 2168 -520 2168 0
w -544 2176 -544 2168 0
w -544 2208 -544 2200 0
w -544 2200 -504 2200 0
w 3064 792 3168 792 0
w 3296 920 3296 984 0
w 3064 984 3296 984 0
w 2736 824 2936 824 0
w 2736 864 2736 824 0
w 2512 864 2736 864 0
w 2776 976 2776 944 0
w 2512 976 2776 976 0
w 2840 1072 2840 1056 0
w 2512 1072 2840 1072 0
w 2840 888 2840 1056 0
w 2464 1088 2392 1088 0
w 2464 992 2392 992 0
w 2464 880 2392 880 0
w 1776 1072 2464 1072 0
w 2464 864 2392 864 0
g 2936 792 2776 792 0 0
w 3264 920 3264 952 0
w 3064 952 3264 952 0
w 3064 920 3232 920 0
w 3064 888 3168 888 0
w 3064 856 3168 856 0
w 3064 824 3168 824 0
w 2936 888 2840 888 0
w 2936 856 2776 856 0
w 2776 944 2776 856 0
197 2936 792 3000 792 0
157 3168 792 3304 792 0 7 0 0
155 2464 864 2472 864 3 0
155 2464 976 2488 976 3 5
155 2464 1072 2472 1072 3 0
w 2392 880 1256 888 0
w 2392 992 1256 1000 0
w 2384 1088 1272 1104 0
w 2384 1088 2392 1088 0
w 1256 1000 1256 1104 0
w 1256 1104 1272 1104 0
w -408 1352 -128 1360 0
w -128 1360 -128 1032 0
w -128 1032 1256 1000 0
w 1256 888 1256 1000 0
w -680 2208 -640 2208 0
w -680 2056 -680 2208 0
196 432 1288 736 1288 2 4
196 440 1816 560 1816 2 4
w -1032 832 -920 832 0
w -920 832 -920 1488 0
w -920 1488 432 1512 0
w -656 832 -576 832 0
w -576 832 -568 1464 0
w -568 1464 432 1480 0
w -240 824 -208 824 0
w -208 824 -200 1432 0
w -200 1432 432 1448 0
155 848 1424 944 1424 2 0
155 1120 1416 1168 1416 2 0
155 1392 1416 1496 1416 2 0
155 1648 1408 1744 1408 2 0
155 1912 1408 2032 1408 2 5
155 2232 1416 2320 1416 2 0
w 528 1448 736 1448 0
w 736 1448 736 1336 0
w 736 1336 1888 1360 0
w 1888 1408 1912 1408 0
w 528 1416 696 1416 0
w 696 1416 696 1304 0
w 696 1304 1632 1320 0
w 1632 1408 1648 1408 0
w 1888 1360 2208 1368 0
w 2208 1368 2208 1416 0
w 2208 1416 2232 1416 0
w 1632 1320 1856 1328 0
w 1856 1328 1856 1408 0
w 1856 1408 1888 1408 0
w 528 1384 664 1384 0
w 664 1384 664 1272 0
w 664 1272 1592 1288 0
w 1592 1288 1592 1408 0
w 1592 1408 1632 1408 0
w 528 1352 624 1352 0
w 624 1352 624 1240 0
w 624 1240 1344 1256 0
w 1344 1256 1344 1416 0
w 1392 1416 1376 1416 0
w 1344 1416 1376 1416 0
w 536 1976 1104 1992 0
w 1104 1992 1104 1416 0
w 1104 1416 1120 1416 0
w 536 1944 792 1952 0
w 816 1424 848 1424 0
w 816 1424 816 1952 0
w 816 1952 792 1952 0
w 2328 1416 2408 1416 0
w 2408 1416 2416 1736 0
w 2416 1736 776 1720 0
w 432 1384 360 1384 0
w 360 1384 352 1720 0
w 352 1720 776 1720 0
w 432 1352 336 1352 0
w 336 1352 328 1688 0
w 328 1688 1904 1688 0
w 432 1320 304 1320 0
w 304 1320 296 1656 0
w 296 1656 1616 1648 0
w 424 1288 264 1288 0
w 264 1288 256 1624 0
w 256 1624 1312 1616 0
w 2008 1408 2088 1408 0
w 2088 1408 2088 1680 0
w 1904 1688 2088 1688 0
w 2088 1688 2088 1680 0
w 1616 1648 1792 1648 0
w 1792 1648 1792 1408 0
w 1792 1408 1744 1408 0
w 1312 1616 1536 1616 0
w 1536 1616 1536 1416 0
w 1536 1416 1488 1416 0
w 1216 1416 1272 1416 0
w 1272 1416 1272 1768 0
w 1272 1768 408 1768 0
w 408 1768 408 1912 0
w 408 1912 440 1912 0
w 944 1424 992 1424 0
w 992 1424 992 1744 0
w 992 1744 384 1744 0
w 384 1744 384 1880 0
w 384 1880 440 1880 0
w 528 1288 552 1288 0
w 552 1288 552 1584 0
w 552 1584 232 1592 0
w 232 1592 232 2080 0
w 232 2080 440 2072 0
w 1536 1072 1776 1072 0
w 1272 984 2464 976 0
w 1000 864 2392 864 0
w 848 1456 784 1456 0
w 784 1456 784 1568 0
w 2168 1576 2168 1456 0
w 2168 1456 2168 1448 0
w 2168 1448 2232 1448 0
w 784 1568 1080 1568 0
w 1080 1568 1352 1568 0
w 1352 1568 1608 1568 0
w 1608 1568 1872 1568 0
w 1872 1568 2168 1568 0
w 2168 1568 2168 1576 0
w 1080 1568 1080 1448 0
w 1080 1448 1120 1448 0
w 1352 1568 1352 1448 0
w 1352 1448 1392 1448 0
w 1608 1568 1608 1440 0
w 1608 1440 1648 1440 0
w 1872 1568 1872 1440 0
w 1872 1440 1912 1440 0
w 2224 1480 2232 1480 0
w 696 1592 840 1592 0
w 840 1592 1120 1592 0
w 1120 1592 1368 1592 0
w 1368 1592 1632 1592 0
w 1632 1592 1888 1592 0
w 1888 1592 2224 1600 0
w 2224 1480 2224 1600 0
w 1912 1472 1888 1472 0
w 1888 1472 1888 1592 0
w 1632 1592 1632 1472 0
w 1632 1472 1648 1472 0
w 1368 1592 1368 1480 0
w 1368 1480 1392 1480 0
w 1120 1592 1120 1480 0
w 840 1592 840 1488 0
w 840 1488 848 1488 0
w 696 1592 -680 1624 0
w -680 1624 -680 1672 0
w -160 1568 784 1568 0
w -768 1688 -512 1696 0
w -512 1696 -512 1568 0
w -512 1568 -160 1568 0
w 424 1288 432 1288 0
w 2464 528 2568 528 0
w 2696 656 2696 720 0
w 2464 720 2696 720 0
w 2136 560 2336 560 0
w 2136 600 2136 560 0
w 1912 600 2136 600 0
w 2176 712 2176 680 0
w 1912 712 2176 712 0
w 2240 808 2240 792 0
w 1912 808 2240 808 0
w 2240 624 2240 792 0
g 2336 528 2176 528 0 0
w 2664 656 2664 688 0
w 2464 688 2664 688 0
w 2464 656 2632 656 0
w 2464 624 2568 624 0
w 2464 592 2568 592 0
w 2464 560 2568 560 0
w 2336 624 2240 624 0
w 2336 592 2176 592 0
w 2176 680 2176 592 0
197 2336 528 2400 528 0
157 2568 528 2704 528 0 7 0 0
w 1256 248 1256 576 0
w 1256 576 1912 600 0
w 1912 712 1104 680 0
w 1104 680 1104 352 0
w 1912 808 1024 776 0
w 1024 776 1032 464 0
w 1528 1144 1528 1072 0
w 1528 1072 1536 1072 0
w 1208 1160 1216 984 0
w 1216 984 1272 984 0
w 984 1184 1000 864 0
w -680 1624 -680 1344 0
w -680 1344 -408 1352 0
w -680 1720 -680 1672 0
w 1216 1416 1208 1160 0
w 944 1424 984 1184 0
w 1488 1416 1528 1144 0
w -680 1720 -680 2056 0
w -680 1720 -336 1720 0
419 1304 2040 1688 2040 4096 6
w 2416 1736 2408 1984 0
w 2408 1984 1496 1992 0
w 1496 1992 1496 2008 0
w 2088 1688 2104 1928 0
w 2104 1928 1472 1960 0
w 1472 1960 1464 2008 0
w 1792 1648 1776 1904 0
w 1776 1904 1448 1928 0
w 1448 1928 1432 2008 0
w 1536 1616 1400 2008 0
w 1272 1768 1368 2008 0
w 992 1744 1336 2008 0
w 568 776 -1304 752 0
w -1304 752 -1312 824 0
w -776 832 -776 720 0
w -568 624 -576 776 0
w -576 776 -360 784 0
w 1104 -1008 1128 -1008 0
w -1128 832 -1032 832 0
w -752 832 -656 832 0
w -336 824 -240 824 0
w -40 1720 -48 2376 0
s -48 3000 984 3048 0 1 true
w -48 3000 -48 2376 0
R 984 3048 1048 3048 0 0 40 5 0 0 0.5
w -336 1720 -40 1720 0
w 1264 -648 1112 -496 0
w 1504 -640 1328 -496 0
w 1048 -656 856 -496 0
w 1264 -800 1880 -792 0
w 1880 -792 1976 -792 0
w 2432 -768 2456 -736 0
S 2440 -576 2440 -736 0 1 false 0 2
w 2432 -888 2432 -768 0
w 2432 -888 2432 -952 0
w 2432 -952 2016 -952 0
w 1904 -952 2016 -952 0
w 1976 -792 2312 -784 0
w 2312 -784 2312 -736 0
w 2312 -736 2424 -736 0
w 1912 208 1920 -536 0
w 1920 -536 2440 -528 0
w 2440 -528 2440 -576 0
c -1000 1784 -1000 1856 4 0.00001 3.333333333333333 0.001 0
I -912 2496 -912 1960 0 0.5 5
w -912 2496 -920 2968 0
w -920 2968 -48 3000 0
w -888 1656 -912 1960 0
w 2464 896 2368 896 0
w 2464 1008 2376 1008 0
w 2464 1104 2384 1104 0
w 2368 896 2376 1008 0
w 2376 1008 2384 1104 0
w -40 1720 88 1720 0
w 88 2792 2760 2760 0
w 2384 1104 2384 1304 0
w 2696 1312 2760 2760 0
w -448 2112 -432 2112 0
w 2480 1304 2696 1312 0
d -368 2008 -368 1840 2 default
w -360 2112 -368 2008 0
w -368 1840 -336 1720 0
w 2384 1304 2480 1304 0
